Evaluating ... 
Precision: 0.8259501965923984
Recall: 0.7196254567600487
F-Measure: 0.7691306293478702
